56 55 53 61 55 62 54 67 74 69 64 60 70 61 67 69 51 61 59 68 64 60 53 56 56 65 60 63 64 55 69 68 52 71 70 67 65 56 54 62 
54 65 65 53 51 67 60 56 70 64 69 65 63 66 51 68 54 66 69 57 55 58 68 58 65 54 55 57 66 51 67 57 63 64 62 57 58 52 55 57 
63 59 66 56 58 51 62 71 58 60 59 65 54 64 57 55 65 65 52 55 70 62 64 51 64 72 54 53 60 60 58 60 69 54 55 70 63 55 67 61 
67 62 56 56 64 63 59 58 70 58 55 65 53 66 67 61 55 57 54 60 68 51 75 57 62 53 60 51 64 53 56 62 55 63 53 58 67 60 62 63 
51 69 65 63 62 69 58 65 56 69 72 58 55 68 53 67 53 58 54 53 62 54 62 54 67 54 69 58 56 59 54 59 52 69 79 64 61 69 65 63 
70 53 62 52 69 53 74 56 60 56 56 52 65 61 67 68 56 72 67 51 64 53 59 59 66 54 56 66 61 70 61 61 68 66 61 52 53 59 69 67 
56 58 77 55 53 52 60 68 64 51 55 63 64 52 62 66 63 53 54 58 57 59 62 63 59 68 55 63 71 64 63 55 54 69 62 59 64 51 58 64 
73 51 67 61 72 62 66 58 66 60 55 52 66 58 70 66 63 67 70 68 52 54 57 64 52 58 68 51 60 77 67 66 61 65 70 59 59 53 69 63 
60 64 61 53 57 64 57 63 74 54 81 64 69 61 54 61 65 63 67 58 61 69 51 55 51 54 57 62 67 65 55 66 66 61 74 66 57 62 53 60 
66 60 51 59 63 66 56 68 64 68 68 67 58 67 64 69 67 59 52 56 58 53 70 66 68 66 62 58 65 65 63 58 59 70 66 64 66 55 70 53 
53 59 69 72 60 71 59 55 69 66 58 75 65 67 58 53 51 57 70 52 65 57 56 55 53 69 58 56 68 67 68 60 63 51 56 68 55 61 65 66 
68 59 56 67 70 52 55 74 56 60 64 64 68 54 55 69 61 52 63 70 76 55 61 64 68 56 61 51 63 53 66 70 52 68 61 59 67 61 70 55 
63 51 53 66 51 72 66 53 51 56 51 66 68 66 64 61 55 78 59 60 62 66 53 58 52 60 57 55 53 69 70 53 60 53 57 70 57 53 68 61 
70 51 59 64 70 65 52 66 56 74 51 58 51 52 68 64 51 59 61 67 56 56 64 61 64 67 58 62 81 61 63 61 67 54 64 70 67 58 61 67 
68 70 49 60 60 69 58 70 69 58 67 64 57 66 55 68 54 51 70 67 59 55 57 67 62 80 75 72 67 62 54 58 53 68 60 67 52 75 51 57 
67 67 69 56 67 57 63 64 58 63 59 56 68 71 54 59 57 70 56 53 55 65 64 60 56 54 65 69 70 53 69 54 70 67 55 76 68 67 54 57 
65 60 64 61 59 69 51 73 68 66 51 51 50 52 58 52 67 65 56 61 51 61 55 63 58 60 54 77 63 70 53 62 67 66 61 67 52 73 51 67 
73 69 57 68 56 63 53 66 63 68 74 56 52 64 61 63 59 61 63 63 56 63 64 81 63 68 60 57 63 60 58 60 57 60 62 58 58 58 58 67 
65 51 67 68 70 52 63 75 65 53 56 67 59 56 57 70 69 52 54 53 65 60 69 62 55 76 58 68 52 52 56 70 68 61 55 62 68 70 53 58 
72 69 55 57 73 54 66 60 55 63 64 59 60 70 69 71 55 79 65 58 62 57 58 60 65 56 67 59 65 62 63 57 69 63 62 68 69 68 67 67 
53 64 55 58 66 61 56 70 52 67 53 54 65 54 65 68 65 78 64 63 54 63 64 64 65 55 52 58 68 58 57 59 68 51 54 68 53 63 66 58 
67 52 69 68 62 62 70 69 61 63 63 66 66 52 62 65 54 58 56 55 52 66 62 61 60 57 69 63 53 65 67 72 67 60 77 70 57 59 61 55 
63 66 52 69 65 68 64 54 59 58 71 51 51 63 69 79 69 63 60 72 69 51 56 62 72 58 57 58 61 65 51 53 61 57 59 55 60 58 52 57 
56 68 51 60 69 55 63 66 53 65 61 67 62 68 70 58 62 52 63 73 59 76 66 65 62 51 71 67 62 58 54 69 62 56 65 66 70 61 59 67 
69 72 59 61 57 62 62 57 75 54 67 57 70 57 67 60 68 68 68 67 75 57 69 51 66 64 54 70 60 62 54 53 55 59 56 63 53 51 65 56 
64 62 65 62 63 50 54 62 63 53 61 69 56 57 57 57 57 57 65 60 65 70 67 52 59 70 66 57 60 58 51 57 64 67 70 61 70 61 66 62 
56 52 55 55 59 67 57 60 59 68 56 53 55 66 52 70 68 68 51 58 54 66 56 64 61 66 55 60 52 57 53 56 57 68 65 55 65 67 60 55 
59 70 64 65 58 67 62 56 54 60 53 53 61 56 55 72 53 51 51 55 56 58 55 59 67 60 52 64 77 62 73 67 52 62 76 66 53 54 62 55 
66 64 54 54 52 51 60 57 79 56 69 60 62 62 56 65 76 65 65 63 58 52 59 52 59 71 54 56 51 57 63 65 51 55 65 68 66 68 53 55 
52 67 66 57 63 69 65 64 67 60 60 69 54 69 55 66 73 52 66 56 55 60 58 69 55 60 56 63 62 57 54 54 56 68 52 57 55 66 70 60 
63 51 64 54 55 61 54 57 68 68 69 57 63 66 64 55 53 61 70 66 70 69 68 72 57 66 66 59 64 68 63 56 67 61 69 61 65 66 75 58 
63 68 64 53 60 64 67 62 60 63 54 70 65 66 65 61 69 70 55 58 65 70 55 54 62 53 54 55 64 60 64 67 69 68 59 66 61 74 69 54 
69 59 58 58 62 64 62 64 56 57 65 69 68 66 62 68 66 68 51 66 63 60 53 58 58 52 58 65 65 53 51 60 63 64 51 51 54 59 59 55 
52 53 61 52 52 69 68 60 53 57 64 54 61 62 67 66 51 55 53 61 64 65 67 58 62 51 62 55 52 67 64 53 54 69 59 64 65 71 56 53 
55 72 52 58 68 69 53 63 70 54 63 54 61 56 55 52 58 65 57 56 53 59 62 69 53 73 70 68 58 62 69 52 66 61 62 53 55 68 63 69 
61 60 69 54 58 61 61 65 68 54 70 68 60 53 64 67 56 54 71 70 75 63 64 59 57 55 66 64 65 57 68 60 63 55 53 57 59 70 73 67 
58 63 65 60 60 68 68 59 64 59 69 62 51 52 68 60 62 61 79 55 59 62 56 58 69 65 53 53 57 70 58 51 67 56 63 63 54 51 56 53 
52 55 64 70 54 63 56 69 66 53 63 62 58 51 63 63 69 59 68 68 56 67 61 51 65 65 53 63 60 81 55 68 66 59 65 51 69 60 67 53 
56 66 68 67 64 67 70 72 63 53 60 69 69 55 66 77 70 51 57 64 70 57 64 68 60 55 60 65 81 62 54 67 56 71 64 68 52 76 69 81 
62 56 59 63 73 60 54 56 56 71 59 68 70 70 56 65 60 54 63 61 60 68 63 72 54 67 68 61 56 63 51 60 57 63 63 51 53 78 63 66 
52 61 64 58 59 51 65 60 60 69 62 71 58 73 60 70 55 66 57 66 55 68 58 67 57 56 65 61 70 56 59 65 65 59 59 65 54 65 70 59 
55 65 71 58 69 61 54 69 66 65 51 51 58 59 65 60 59 65 69 57 69 64 79 53 66 54 51 62 52 56 69 70 68 66 64 62 63 62 62 58 
60 70 59 62 65 61 54 60 52 70 55 62 78 64 58 70 60 51 63 61 55 62 58 61 65 75 58 54 68 55 62 64 53 54 67 66 54 62 58 52 
59 61 70 52 54 55 51 64 52 61 58 54 69 62 53 52 60 67 53 77 76 72 57 67 54 68 60 63 68 57 59 61 65 51 61 64 69 59 62 60 
51 66 68 65 67 56 66 52 57 60 70 62 58 67 54 59 64 54 70 57 57 68 51 57 65 60 66 53 61 54 61 77 53 56 63 59 56 62 61 64 
65 63 57 57 68 58 66 55 60 69 67 56 67 63 53 63 54 65 53 66 54 69 70 70 55 70 61 65 60 67 69 63 70 60 61 65 60 64 56 66 
51 54 51 71 69 51 66 52 57 51 63 54 67 70 53 52 59 67 55 53 56 58 61 70 58 67 68 60 54 62 72 60 68 69 51 54 67 70 53 58 
53 61 70 73 56 52 60 53 58 56 68 70 52 60 59 59 66 68 56 64 66 57 69 56 71 58 55 70 55 67 67 51 63 79 54 68 77 61 71 62 
66 68 55 54 51 67 70 62 55 66 60 59 52 62 59 65 65 66 52 69 69 61 60 59 55 62 70 52 59 63 68 64 57 68 64 55 65 57 63 69 
52 60 64 60 51 55 68 55 68 58 68 56 69 61 60 62 64 60 67 58 63 61 60 57 60 60 57 60 68 52 61 63 55 68 68 62 51 58 56 55 
65 64 57 68 61 65 70 52 79 52 60 52 52 68 62 69 63 60 66 60 54 57 51 56 54 64 67 70 57 65 56 55 68 59 53 60 66 64 53 64 
67 59 55 64 54 55 57 63 53 54 66 53 70 59 62 65 68 70 57 55 71 68 58 55 57 68 51 65 51 53 60 63 70 63 67 51 53 57 62 66 
56 70 73 69 54 63 64 61 55 61 60 54 66 66 61 67 53 63 54 57 64 53 55 55 57 58 65 67 61 68 60 65 57 53 68 55 68 52 54 68 
51 62 61 56 63 57 61 64 64 59 55 52 70 69 59 63 58 54 70 53 51 67 75 64 53 56 64 66 57 59 65 56 56 57 59 56 58 51 55 55 
55 66 56 51 53 68 56 59 51 57 63 54 58 57 55 64 64 78 61 61 64 63 66 59 63 69 68 72 62 55 52 61 67 61 67 74 56 64 54 52 
54 56 54 61 64 69 53 74 80 59 61 75 71 66 59 52 58 67 61 51 68 58 61 63 66 67 57 52 73 52 60 54 61 55 62 64 60 58 61 51 
68 67 59 56 67 53 51 70 53 52 60 66 73 70 55 51 70 66 70 68 61 57 63 70 69 70 69 73 69 60 55 76 64 70 69 62 70 61 59 65 
56 64 60 64 53 51 71 71 66 64 59 70 53 69 68 51 65 59 66 66 52 55 63 64 57 60 68 67 62 59 65 67 67 58 61 65 66 56 68 60 
53 74 62 68 51 68 55 62 67 59 58 66 58 63 69 60 68 70 53 64 66 62 51 61 58 61 51 58 63 61 54 61 68 64 57 64 64 64 54 60 
61 69 59 55 65 67 59 52 66 55 64 57 52 55 60 71 61 58 60 54 62 64 70 62 67 68 67 58 56 62 63 56 66 66 52 68 70 65 67 62 
60 63 63 67 55 63 58 64 59 67 65 52 54 69 65 52 58 62 56 70 68 62 67 51 68 66 58 61 67 64 62 70 53 80 66 69 68 61 61 59 
52 51 51 68 58 74 62 69 61 64 69 55 55 65 65 64 53 59 57 75 53 68 54 62 58 64 60 55 67 57 58 67 56 61 53 55 59 60 68 67 
51 68 60 63 63 63 51 67 57 65 73 66 55 74 58 69 66 73 65 59 61 65 57 70 69 57 52 52 62 62 69 51 57 65 56 64 52 56 64 70 
67 55 53 58 70 51 63 68 52 52 67 65 64 54 51 65 55 51 68 75 67 53 68 51 51 55 60 52 59 64 64 61 56 69 66 65 52 61 56 66 
65 59 58 61 69 53 70 62 75 73 54 65 75 51 69 68 73 68 70 61 57 74 70 66 57 51 69 67 53 70 66 57 51 67 62 58 56 56 52 63 
67 61 51 53 68 62 62 61 63 58 67 70 55 63 62 62 57 65 62 68 51 62 69 60 57 62 68 66 60 68 63 58 69 63 61 65 60 53 70 68 
62 67 51 57 62 66 69 58 59 64 62 73 59 68 69 53 61 62 52 66 53 63 53 65 63 66 58 53 64 64 69 68 59 54 54 59 63 67 57 66 
66 54 57 65 66 60 57 55 57 55 65 66 57 65 59 70 52 62 60 68 67 54 54 56 64 54 54 58 61 67 57 68 53 68 51 64 79 70 56 62 
63 58 70 51 68 57 81 66 54 57 64 60 66 60 59 53 58 54 52 61 70 56 60 76 55 69 53 57 56 53 68 57 64 59 53 67 60 52 61 60 
59 59 60 62 65 61 70 53 61 56 65 64 64 77 66 62 59 54 55 56 54 66 63 51 57 72 66 71 67 65 68 57 64 60 68 61 68 68 63 66 
53 60 68 60 52 64 51 61 52 57 67 63 70 60 67 69 59 57 60 67 60 59 67 68 52 55 61 70 58 69 53 61 51 54 62 67 54 62 63 69 
69 58 65 57 66 59 55 51 63 67 69 60 64 68 58 53 63 71 56 68 54 62 57 61 78 55 54 70 52 63 58 72 54 55 69 68 54 63 69 62 
64 68 63 53 70 58 62 54 52 57 51 75 55 58 76 52 71 68 69 66 67 51 54 70 70 56 64 64 64 68 51 53 65 66 76 61 59 65 60 64 
59 54 52 59 69 72 52 68 67 52 63 73 70 55 67 66 60 70 76 60 64 65 53 54 64 56 51 53 71 70 63 68 66 65 62 65 68 66 60 68 
52 58 67 56 59 55 59 70 61 66 70 62 69 69 67 66 51 62 68 62 54 58 54 69 72 70 53 64 74 53 67 60 52 60 62 58 69 70 65 57 
60 51 65 60 74 70 66 52 60 53 66 57 74 62 59 55 54 74 53 69 58 70 64 75 70 54 64 64 62 54 57 52 60 58 61 56 70 58 63 70 
64 55 62 52 69 58 52 60 65 65 69 58 57 61 56 55 62 60 54 62 67 51 57 66 60 64 73 70 59 54 68 69 57 62 56 68 60 67 59 66 
66 60 63 52 57 70 61 55 65 70 60 59 56 65 53 63 58 64 51 77 55 73 72 57 75 62 61 62 75 73 63 62 72 70 54 63 62 65 60 58 
70 56 50 56 69 54 66 56 60 64 54 69 70 69 55 63 66 67 58 52 64 58 64 53 63 59 53 70 56 70 65 60 70 74 60 61 73 58 69 68 
58 62 52 66 51 60 61 55 67 69 78 52 57 53 67 61 65 60 53 61 53 66 74 69 68 64 68 62 57 67 58 61 67 52 59 56 61 52 57 63 
58 57 51 62 66 56 55 67 56 60 69 64 67 61 66 68 58 68 72 75 69 61 52 57 59 58 65 65 52 58 68 70 51 64 57 74 62 64 61 65 
60 57 69 54 69 68 78 64 59 65 60 60 75 55 69 65 61 59 57 67 51 59 59 59 53 66 66 58 58 56 58 54 55 51 62 51 70 51 67 72 
62 53 64 58 64 54 67 56 61 60 67 66 60 57 66 69 51 74 70 61 63 63 70 52 57 61 61 60 66 61 70 66 61 62 68 56 53 56 56 65 
52 69 64 65 56 55 54 63 69 67 67 69 53 58 69 57 69 67 52 60 64 76 60 54 77 70 64 67 58 68 67 57 53 51 58 56 51 64 53 66 
67 59 61 61 53 68 61 66 66 69 69 63 52 59 66 53 53 56 57 58 53 53 70 59 75 57 51 69 66 74 61 60 61 59 73 56 49 63 61 53 
59 68 54 70 53 64 52 62 63 51 65 58 57 52 67 62 64 58 62 61 64 71 54 65 65 66 68 60 56 70 65 56 52 59 63 57 70 60 60 51 
64 68 56 58 62 59 64 56 74 54 56 68 54 53 61 60 68 70 62 70 64 68 56 58 60 63 61 55 60 62 62 66 60 51 69 57 60 57 63 54 
70 60 56 60 52 67 64 61 60 65 61 60 68 72 64 66 64 53 58 69 55 68 69 53 51 70 56 57 59 69 54 70 59 61 51 69 53 55 51 57 
51 55 57 60 65 54 52 53 66 53 52 56 56 68 61 63 66 57 54 54 68 55 61 55 62 55 64 59 62 66 57 60 65 63 54 61 64 70 54 58 
70 70 68 67 52 63 61 61 57 57 64 51 59 55 58 61 70 70 57 69 66 59 51 53 73 56 62 68 67 58 56 61 80 63 68 65 68 68 70 66 
59 65 67 60 51 70 62 56 70 61 60 52 56 68 52 52 67 64 65 57 59 63 63 58 62 68 58 63 67 66 57 62 66 58 60 60 66 60 66 54 
67 65 54 64 59 64 70 63 66 58 61 52 61 65 57 67 59 52 61 64 69 57 63 52 65 63 66 68 54 69 68 54 57 63 69 77 59 56 71 59 
61 54 60 68 63 58 61 68 64 67 69 57 55 58 70 64 67 53 52 67 70 53 63 66 64 63 68 70 56 69 54 55 68 73 54 60 68 63 70 65 
52 51 58 54 65 66 57 59 61 64 58 65 55 76 63 63 70 65 68 68 52 73 58 68 66 64 64 65 54 64 67 61 57 53 60 55 59 56 54 70 
68 56 62 71 62 55 60 58 75 61 58 68 71 78 69 57 50 59 54 59 58 53 63 64 68 61 67 59 53 55 54 54 57 58 62 63 70 54 63 62 
68 56 62 64 62 56 61 68 65 67 57 57 64 64 63 65 64 67 64 54 66 54 77 51 65 65 55 68 62 78 62 66 51 56 54 53 53 68 67 64 
67 66 62 52 66 79 67 63 64 54 70 70 64 70 55 68 67 58 60 79 54 53 71 54 61 69 67 58 62 61 52 71 70 56 59 63 51 67 54 67 
68 52 67 61 66 57 69 52 66 55 68 69 56 58 66 64 65 58 56 55 68 56 60 51 66 57 69 69 67 72 60 63 51 55 76 71 51 55 64 63 
63 64 63 70 54 60 65 58 59 55 57 57 74 62 75 52 64 61 70 51 68 56 53 52 60 60 49 56 56 57 71 64 57 64 59 68 64 70 63 69 
57 59 65 54 60 60 66 67 60 59 74 61 68 68 75 53 51 56 51 54 59 56 56 69 63 62 58 69 65 63 52 65 71 64 67 52 68 67 57 62 
37 37 37 37 37 37 37 37 37 37 37 37 37 37 37 37 37 37 37 37 37 37 37 37 37 37 37 37 37 37 37 37 37 37 37 37 37 37 37 37 
