38 46 45 44 47 38 39 50 42 43 46 49 46 39 42 43 38 50 49 50 39 49 44 39 42 39 39 48 46 46 38 42 40 48 38 38 43 42 49 51 
43 39 39 40 48 44 44 44 48 41 49 51 51 46 46 43 51 43 43 50 49 48 44 51 46 42 43 38 47 47 45 39 44 43 47 40 48 40 46 45 
40 41 44 39 38 38 39 46 46 43 51 48 49 46 39 44 48 40 43 49 47 38 48 46 50 43 50 45 47 43 47 42 45 42 39 38 40 45 50 46 
39 44 39 47 41 39 40 48 44 43 51 51 44 48 49 47 48 46 48 43 47 46 39 38 51 49 40 44 38 49 43 44 44 41 47 49 51 45 38 43 
38 46 50 42 42 49 48 45 40 38 47 49 43 45 40 46 42 45 41 44 50 39 46 46 44 47 49 50 49 41 43 47 50 45 39 45 48 40 50 49 
47 48 49 38 48 39 39 43 50 47 44 46 48 45 44 41 42 44 49 42 41 46 46 51 44 47 50 46 42 49 50 41 46 39 43 48 49 42 48 50 
43 51 40 45 49 39 41 44 42 51 46 39 46 50 38 49 50 50 39 41 44 40 42 40 42 43 50 39 40 39 39 47 49 49 46 44 48 48 44 49 
44 49 38 48 39 43 49 48 48 41 41 49 40 48 44 47 45 38 42 43 44 46 43 42 47 49 47 43 38 40 41 45 45 45 43 38 39 50 43 48 
41 42 38 46 44 49 45 41 43 42 38 51 41 48 39 43 49 50 41 51 43 51 38 49 39 42 45 50 48 41 47 51 49 48 40 38 39 40 43 43 
51 44 47 46 43 45 45 39 39 48 48 45 50 38 46 49 50 49 39 46 44 51 42 47 40 48 41 46 42 40 39 39 50 45 48 41 44 46 38 43 
50 43 39 45 44 38 41 40 38 40 47 41 41 42 46 50 43 43 38 49 42 38 49 38 49 39 46 45 41 51 45 51 50 42 41 44 41 49 49 40 
45 50 40 42 46 41 51 45 42 45 41 41 40 41 45 46 38 47 46 42 39 44 50 46 43 39 38 45 45 42 51 48 51 43 46 43 38 44 46 41 
39 47 41 39 44 44 43 48 50 50 50 41 47 43 47 49 50 39 49 43 38 48 48 42 51 40 48 50 46 45 40 43 49 50 44 38 41 41 39 39 
51 42 48 43 48 51 45 39 38 38 38 51 38 46 45 45 49 42 47 43 40 48 45 51 46 45 39 40 38 50 50 49 47 38 42 38 39 43 44 38 
44 48 51 51 45 38 39 48 40 48 47 48 43 44 43 39 42 47 46 49 51 50 38 50 50 39 40 45 42 39 45 41 47 41 41 41 49 41 39 41 
51 50 50 47 47 38 47 51 40 46 47 45 44 43 43 44 39 42 44 43 48 49 40 42 47 39 44 42 47 42 38 49 47 46 49 39 39 43 38 40 
50 45 41 43 48 40 48 41 38 51 39 41 51 50 41 51 46 50 47 51 46 41 50 38 46 42 38 42 38 43 39 40 41 43 43 44 50 39 46 40 
44 40 45 48 44 42 47 45 45 39 40 48 50 47 40 47 45 47 45 40 45 49 41 38 48 44 42 50 43 51 47 44 46 48 39 46 42 44 42 47 
46 50 48 43 38 46 46 39 39 48 48 43 51 50 40 51 43 48 41 38 49 40 45 51 49 39 43 47 41 50 45 38 42 39 39 47 40 48 48 49 
44 49 38 46 38 50 49 39 46 38 42 47 41 40 45 39 48 38 43 40 45 39 40 50 42 42 42 43 39 43 46 51 43 42 38 47 40 51 48 50 
43 50 40 48 49 51 51 51 47 38 47 47 48 51 47 43 40 41 40 44 47 39 50 46 48 51 48 51 51 38 45 46 42 47 49 40 51 42 44 51 
39 51 38 46 45 43 41 45 48 44 47 46 42 48 38 41 51 46 41 40 49 40 45 39 47 41 41 45 50 48 48 40 49 45 42 47 47 48 45 38 
46 46 38 40 50 44 47 49 43 45 44 42 42 46 42 38 47 45 44 47 40 41 51 41 38 47 46 46 39 46 51 46 50 46 48 47 39 43 48 40 
42 38 40 44 46 42 46 38 51 43 44 49 43 51 51 50 42 48 48 46 45 39 47 46 49 47 44 47 38 41 50 44 42 42 50 46 41 40 40 51 
46 38 46 46 43 40 38 48 44 40 51 42 44 46 48 39 50 51 50 44 44 44 40 46 38 38 41 43 41 42 49 46 41 40 43 47 51 44 48 38 
41 43 48 49 49 51 40 48 39 42 43 44 50 48 49 45 51 49 44 43 43 47 50 43 38 50 48 44 50 39 48 49 48 44 43 46 39 50 45 45 
46 38 39 44 42 38 51 44 48 48 49 39 49 45 50 43 39 40 49 42 49 49 39 47 49 51 45 48 38 44 39 42 46 41 39 43 42 43 48 39 
43 51 49 48 47 42 39 43 40 41 39 50 45 48 49 46 49 48 49 39 45 51 51 50 38 41 45 48 42 42 42 38 39 48 43 48 44 47 46 47 
50 46 38 46 44 44 50 49 40 45 47 38 44 48 44 45 40 42 45 47 46 45 45 38 47 45 43 51 46 45 44 43 39 48 51 49 48 44 45 44 
51 51 48 42 39 51 44 45 47 41 51 42 48 42 39 46 44 49 43 42 41 42 47 47 43 38 39 42 45 50 44 48 50 39 50 41 47 45 39 51 
41 44 51 46 45 45 49 50 42 47 45 41 45 45 50 50 46 47 45 46 48 48 43 47 45 43 42 40 42 46 49 47 47 44 44 49 40 46 39 46 
42 45 48 40 47 46 44 51 49 42 48 39 42 44 41 49 43 44 43 44 44 47 47 44 51 45 38 50 46 42 46 49 50 46 42 45 45 44 45 38 
40 43 44 43 44 40 49 42 49 46 49 38 46 48 46 38 39 49 42 41 43 45 45 38 40 50 47 44 46 47 48 44 39 46 47 41 38 41 50 38 
40 40 43 39 46 51 44 41 49 41 51 50 48 47 44 41 50 43 46 43 40 43 47 43 48 48 51 51 40 51 47 39 51 44 48 46 42 38 46 45 
49 42 50 51 45 47 50 49 51 47 43 40 47 46 50 47 44 47 39 50 51 42 44 49 45 44 41 50 51 39 41 46 51 41 45 43 50 51 39 51 
49 46 43 50 51 44 47 51 50 46 48 43 47 40 39 45 41 44 39 44 38 45 51 42 39 49 44 44 38 44 39 42 45 45 49 40 38 46 39 40 
42 40 47 39 48 39 40 47 40 40 45 42 43 40 46 51 46 48 40 43 47 47 48 39 45 38 48 44 43 45 44 40 38 48 44 45 41 49 50 47 
44 45 47 45 41 46 42 41 45 49 45 51 45 43 38 41 45 45 44 41 51 47 50 49 51 47 38 43 51 38 45 40 45 51 46 45 46 47 44 51 
42 51 43 45 38 44 45 38 50 50 49 40 38 50 47 38 48 44 50 45 39 38 45 48 47 45 39 51 38 39 51 44 40 44 41 39 48 42 45 38 
40 38 44 51 46 48 43 47 46 41 47 44 42 44 39 42 41 39 45 40 39 38 48 38 40 46 48 47 50 43 49 48 44 45 40 40 43 41 45 38 
44 42 45 40 44 47 44 49 48 40 45 48 49 41 46 43 47 45 39 45 49 38 43 38 50 41 41 51 39 40 50 38 38 46 50 48 49 44 38 51 
39 51 48 49 43 46 50 49 43 40 42 42 40 44 42 44 39 51 42 50 47 43 40 46 40 44 49 41 40 40 44 42 51 48 41 51 50 42 48 44 
41 50 51 48 43 48 51 40 45 48 47 47 39 38 45 49 45 51 48 47 45 49 49 39 42 40 43 51 51 46 41 42 44 49 51 46 50 38 40 46 
45 38 40 41 46 50 46 45 51 46 51 42 41 49 51 40 46 50 48 38 42 45 51 47 40 43 41 41 47 39 43 49 47 44 51 39 45 49 44 46 
49 51 49 50 42 44 39 47 47 51 46 47 44 39 50 43 41 48 46 42 47 48 46 42 46 51 41 43 39 42 50 40 50 49 47 47 39 49 42 47 
51 47 38 49 44 46 51 42 38 48 48 40 46 39 43 38 41 51 38 51 48 51 45 39 48 50 42 42 48 48 44 42 47 42 41 39 41 44 50 39 
51 50 41 44 48 47 48 41 49 48 45 40 42 41 50 38 48 49 40 40 47 39 44 39 40 38 51 41 40 41 41 45 49 50 51 40 38 38 51 49 
41 42 45 40 49 50 46 43 45 49 44 41 45 38 41 46 49 41 46 45 43 46 41 50 44 47 40 41 43 47 46 46 38 38 44 40 38 47 48 41 
39 42 49 46 44 38 46 43 38 50 39 46 41 39 46 43 51 42 48 50 39 42 41 43 46 45 41 48 50 49 48 46 50 43 50 38 44 39 51 49 
40 51 41 38 45 51 41 45 47 40 41 44 40 46 50 44 50 42 50 46 38 42 39 48 51 50 39 41 42 45 47 50 44 51 38 38 48 43 47 44 
42 45 43 39 50 41 46 46 40 47 46 50 42 51 41 43 49 45 51 46 49 50 48 41 45 46 49 45 49 39 48 38 39 43 43 50 49 45 51 44 
46 45 49 51 51 39 44 45 44 47 43 38 45 51 38 46 51 44 50 48 41 47 47 49 45 49 49 41 39 39 48 38 48 51 43 48 38 38 43 40 
45 44 39 42 49 41 48 48 46 51 41 48 51 45 50 48 48 39 39 49 38 51 48 41 43 38 47 43 48 48 50 41 41 50 48 47 40 43 46 41 
51 38 47 51 47 48 39 38 39 51 49 51 45 44 48 40 47 51 45 49 38 45 43 39 38 42 43 39 50 47 43 42 48 45 43 45 38 50 51 43 
45 41 47 43 49 51 46 40 40 44 39 45 51 40 38 45 43 38 51 45 39 46 39 38 47 47 45 40 49 49 49 51 39 40 42 38 48 47 44 50 
43 44 48 41 42 48 51 41 38 46 48 43 39 47 44 47 47 49 40 42 40 45 49 41 43 46 47 44 39 39 38 38 51 39 41 49 42 50 39 46 
40 44 38 42 40 49 44 45 38 44 43 41 46 49 49 40 43 47 44 39 39 51 50 40 38 45 44 43 41 46 40 41 50 44 49 39 44 40 51 48 
49 47 48 48 43 46 41 47 50 41 41 46 44 47 49 47 50 38 39 41 38 51 47 39 38 38 40 41 46 44 42 41 40 40 40 49 47 47 42 45 
48 41 46 45 39 38 51 40 41 42 45 41 51 46 49 39 51 38 43 51 48 48 41 38 45 47 39 43 39 40 42 43 44 38 51 47 47 43 41 45 
46 38 42 46 48 40 41 45 39 42 47 45 45 50 39 43 46 50 39 39 40 43 41 38 43 50 42 45 38 40 48 40 40 42 49 51 40 45 47 50 
49 44 49 43 41 39 50 38 46 46 38 44 41 49 51 46 45 48 42 40 39 50 50 38 40 48 42 50 42 44 47 38 46 39 50 44 43 39 45 46 
51 49 48 45 45 42 50 48 45 47 44 50 39 48 42 44 48 43 45 38 49 44 46 49 42 39 40 47 40 48 48 51 46 49 46 49 49 51 39 39 
48 40 50 45 48 48 48 51 46 42 39 42 38 43 40 46 45 45 42 49 41 45 40 40 46 44 40 51 44 41 47 50 42 46 42 41 40 47 41 48 
48 51 41 49 39 45 40 50 46 43 48 43 43 47 51 42 48 41 51 42 50 41 50 40 49 51 43 46 49 45 48 39 48 47 49 47 51 49 49 45 
47 39 46 39 38 50 49 38 38 46 51 46 42 51 44 46 39 43 45 41 43 41 44 38 42 43 45 39 38 40 38 48 42 45 46 43 44 40 43 44 
38 43 46 38 38 48 45 49 46 51 44 49 48 39 51 40 47 43 44 50 45 50 41 48 43 43 38 51 47 40 40 40 40 38 41 45 43 50 38 49 
50 38 48 45 45 50 48 44 41 38 44 42 46 43 43 45 41 39 38 45 42 49 50 42 50 50 46 47 51 43 41 42 45 39 51 38 38 40 49 39 
47 39 43 38 38 48 47 49 43 40 51 47 44 48 48 48 43 48 46 49 43 51 49 48 51 44 38 43 46 38 42 44 40 44 46 40 40 46 49 45 
42 50 47 39 49 38 38 38 49 38 40 48 47 51 42 40 40 48 48 44 45 45 41 40 47 45 44 38 38 46 42 44 47 51 45 40 38 48 50 48 
49 39 47 51 46 40 40 46 39 47 45 50 38 42 43 48 50 39 45 39 47 42 45 42 41 43 43 40 40 50 40 47 48 48 48 50 41 46 48 45 
38 44 40 47 47 43 51 50 51 51 38 51 47 38 50 41 50 51 51 43 45 50 45 44 43 46 46 50 48 48 42 42 50 43 51 50 40 40 49 43 
38 42 40 48 46 47 48 38 50 46 50 48 41 47 46 48 44 41 42 39 49 41 50 47 38 47 42 45 44 43 48 46 39 49 46 46 47 51 42 48 
49 50 45 44 41 47 42 44 47 51 49 42 45 51 38 48 45 46 48 51 39 38 39 41 40 46 43 48 45 49 48 45 50 43 40 46 44 47 45 51 
51 44 48 41 43 43 50 48 50 51 44 46 48 42 47 40 48 48 39 47 45 41 48 42 49 43 39 46 46 41 51 40 49 43 40 38 50 44 47 49 
44 38 41 51 41 50 43 47 50 49 40 40 47 49 51 43 48 50 38 40 47 51 41 47 44 40 39 51 38 43 43 46 50 38 48 44 45 48 39 40 
41 50 40 50 43 44 38 44 46 40 51 43 39 49 47 45 48 42 39 41 49 38 45 42 39 38 50 41 51 47 51 50 49 48 44 43 47 44 44 40 
45 42 46 43 50 45 43 45 49 49 42 43 38 50 44 45 43 42 50 51 50 42 40 41 41 48 39 45 39 48 43 43 44 48 45 51 45 43 51 51 
41 49 40 41 49 38 48 50 48 43 41 39 43 41 46 48 41 48 49 40 51 41 43 49 44 43 49 47 41 40 42 51 44 43 49 45 40 38 41 40 
42 48 50 39 50 44 49 45 43 51 47 41 40 45 45 51 41 38 46 39 41 51 44 42 47 40 43 50 46 44 38 38 44 43 48 45 39 41 48 41 
42 41 40 44 50 50 40 50 51 47 41 50 46 43 41 47 49 44 38 47 43 48 40 43 40 49 39 50 44 51 47 46 47 42 39 47 44 46 45 40 
48 46 50 41 39 49 46 42 42 45 45 40 40 42 48 43 41 46 47 44 41 50 51 39 45 45 42 51 51 47 51 41 51 42 50 42 42 38 50 44 
45 46 45 51 46 51 39 42 50 51 49 48 41 43 41 50 51 43 47 39 48 43 40 41 41 39 47 38 44 45 48 39 49 41 40 39 47 48 48 46 
43 46 49 38 41 51 47 47 50 41 39 39 43 39 42 51 45 40 43 38 49 46 38 45 39 50 42 39 40 49 47 44 39 39 51 39 46 49 45 38 
49 45 40 44 49 39 38 49 41 39 47 46 41 40 51 48 43 45 47 43 44 40 42 38 38 47 43 41 43 42 47 42 51 39 41 40 39 49 48 45 
48 40 49 38 44 39 49 51 43 39 38 42 39 45 41 50 38 46 49 42 46 41 45 45 39 49 38 48 47 38 40 51 42 41 42 49 51 44 50 39 
39 42 44 50 38 44 38 40 46 47 42 39 44 46 50 39 44 44 38 47 40 41 50 44 44 41 46 48 38 48 44 48 51 46 43 40 45 42 38 39 
39 46 41 45 50 39 43 48 42 46 40 44 47 39 51 44 51 51 50 45 46 39 44 51 42 44 48 46 41 40 41 39 39 41 41 44 43 51 46 44 
44 44 48 51 45 47 49 45 43 42 51 51 38 43 46 42 41 45 45 40 49 41 42 51 51 42 45 46 43 46 48 45 50 49 50 51 49 43 44 41 
40 49 46 38 45 39 39 46 41 39 44 39 48 42 50 42 44 51 41 48 39 50 40 49 48 50 47 51 38 42 48 46 47 40 47 49 42 42 49 39 
38 38 40 45 39 50 51 47 48 46 47 38 41 44 41 42 49 46 49 43 46 41 46 42 44 51 42 51 47 42 50 46 39 46 39 50 41 40 47 43 
47 46 38 41 46 41 48 45 39 44 49 48 41 50 45 50 46 42 48 41 46 38 44 47 41 46 47 39 44 46 41 44 46 46 42 40 46 40 41 43 
43 44 46 48 49 43 50 45 40 41 44 39 40 42 50 45 38 43 44 46 49 38 50 50 50 51 45 47 46 43 47 43 45 47 40 40 48 40 42 43 
43 49 43 44 44 44 48 43 43 46 38 51 50 51 50 44 45 50 47 51 44 50 41 46 51 40 45 49 49 51 41 45 49 44 47 48 40 42 49 39 
45 45 39 44 40 49 48 44 49 42 48 47 43 42 47 47 47 46 42 42 43 38 42 47 47 46 44 41 50 47 39 43 51 45 43 39 49 46 49 43 
45 39 46 47 50 50 43 40 41 47 43 38 42 40 51 46 50 41 44 39 43 45 42 38 50 44 39 50 39 42 50 50 50 39 42 43 49 45 50 48 
40 50 40 47 38 42 46 47 45 49 43 38 38 43 41 46 42 40 39 50 40 49 39 43 39 38 46 39 42 40 44 42 51 39 41 38 42 39 41 40 
45 45 45 46 51 40 50 43 41 42 43 49 43 44 49 51 44 43 43 38 51 43 41 51 46 40 51 43 45 46 48 39 39 41 50 50 46 44 46 41 
38 46 40 51 51 38 38 44 48 42 51 44 50 48 41 40 46 38 49 44 39 51 45 42 43 43 39 45 39 47 42 47 47 40 39 44 41 46 47 42 
47 49 45 43 49 43 41 51 47 45 45 49 45 43 43 48 45 41 44 51 49 50 39 51 40 47 51 48 46 50 46 40 41 41 49 51 50 41 44 48 
49 45 50 51 38 43 50 50 49 42 40 48 42 45 42 38 47 50 47 44 47 48 43 45 47 46 46 40 41 40 45 45 47 51 44 39 49 47 46 43 
66 66 66 66 66 66 66 66 66 66 66 66 66 66 66 66 66 66 66 66 66 66 66 66 66 66 66 66 66 66 66 66 66 66 66 66 66 66 66 66 
