70 73 61 79 78 80 68 65 64 64 78 71 75 70 78 80 70 74 75 80 64 61 75 80 77 79 71 62 74 69 67 77 78 61 72 71 79 73 77 74 
77 77 76 80 74 61 76 63 79 61 71 62 65 74 63 64 71 76 70 63 76 74 67 74 78 73 67 66 67 80 77 76 73 66 71 66 74 61 73 68 
80 75 64 69 74 72 66 63 74 77 64 79 68 70 68 64 67 62 65 67 63 80 69 77 66 65 66 68 66 61 75 78 65 80 80 66 79 78 61 80 
69 74 78 80 75 78 68 63 73 64 75 65 80 70 66 72 72 69 68 61 73 65 66 61 69 62 73 69 70 75 73 77 73 76 61 69 75 75 77 70 
75 65 72 79 76 68 77 70 67 68 61 79 71 63 71 67 78 77 80 71 71 68 65 76 63 70 78 80 69 66 73 74 78 71 62 71 65 65 79 70 
67 70 71 66 72 64 67 76 71 76 68 64 65 69 69 71 78 64 64 62 67 69 68 66 73 79 76 71 66 71 64 69 66 75 63 74 69 74 67 67 
75 71 63 74 80 63 72 78 74 65 77 80 80 76 79 75 67 74 64 62 79 80 66 71 72 78 75 68 69 63 80 79 79 77 64 79 67 77 70 67 
63 75 75 71 69 75 65 62 67 74 79 65 78 74 66 71 72 80 73 69 62 74 80 75 70 79 78 78 66 63 79 63 67 79 67 64 76 77 77 69 
61 62 75 64 63 63 64 75 63 76 61 74 70 71 65 75 64 66 72 65 79 71 70 76 64 75 73 68 69 63 78 71 65 72 66 72 71 73 79 67 
80 73 64 76 74 78 62 73 78 69 79 66 61 63 70 62 74 66 64 80 65 71 63 67 72 66 80 70 76 76 69 67 62 63 65 73 77 69 72 80 
66 63 66 63 62 71 73 62 61 74 66 64 68 71 75 65 76 80 72 79 73 70 75 73 78 72 76 73 71 62 74 69 64 75 72 75 68 70 78 76 
67 65 67 72 64 65 74 61 61 75 75 66 74 67 61 72 65 68 72 67 65 63 61 70 67 77 62 70 67 69 63 62 77 69 69 63 70 64 77 69 
80 75 63 78 63 64 61 63 75 76 78 78 68 77 66 65 62 63 67 69 80 67 71 68 68 80 66 68 66 66 70 61 71 67 79 72 69 75 79 64 
64 64 66 76 77 70 79 65 72 68 64 71 69 62 73 71 75 66 79 70 62 76 75 75 66 66 73 78 61 65 67 69 79 66 78 64 78 79 63 77 
69 63 80 71 75 62 72 73 63 74 66 68 76 72 64 63 71 62 73 64 67 75 67 72 68 61 65 63 62 64 72 75 67 71 79 71 77 64 70 75 
62 63 62 74 72 77 64 65 72 79 68 70 63 66 65 72 71 78 80 71 67 75 76 78 75 78 71 73 65 64 73 79 79 67 76 65 67 70 75 63 
63 65 62 76 69 80 77 66 66 63 75 66 79 78 66 77 78 77 72 80 79 78 71 79 76 78 65 61 63 76 63 71 61 71 75 65 76 68 64 67 
63 67 68 64 80 75 80 65 79 67 66 80 78 75 71 70 78 65 75 79 62 76 68 61 71 68 62 69 61 69 74 61 75 75 63 76 75 66 77 67 
70 65 79 62 74 74 63 66 78 80 70 76 78 74 80 80 79 67 64 63 66 66 78 67 76 65 62 72 72 80 79 70 68 67 74 71 63 80 72 73 
64 68 78 77 69 76 65 78 62 79 68 63 79 70 66 70 77 63 73 65 63 66 69 75 73 75 71 61 76 64 61 75 75 75 66 75 62 68 65 65 
63 69 71 80 65 72 79 76 63 64 68 67 64 62 77 69 68 61 63 73 79 78 64 68 63 65 77 74 70 62 74 75 80 62 77 61 66 75 70 70 
75 77 73 66 61 69 71 66 71 64 76 80 61 78 68 62 75 65 64 65 67 66 73 67 76 65 78 69 75 71 65 68 66 77 61 78 76 62 71 67 
62 68 77 62 75 68 61 76 62 79 65 73 78 71 69 63 69 67 65 61 79 74 70 77 70 70 77 69 65 66 67 71 73 67 77 78 66 79 80 70 
64 73 76 73 62 74 62 68 77 68 68 70 75 61 75 74 65 80 64 61 76 65 71 61 69 62 65 72 63 79 67 67 72 74 65 68 62 74 74 62 
78 70 75 72 64 68 61 80 61 69 74 66 78 64 65 61 62 74 77 64 61 72 77 67 76 63 66 62 79 76 65 64 61 70 75 68 76 65 71 75 
75 76 63 63 71 79 66 66 62 76 66 72 74 64 68 78 72 74 75 80 78 63 75 65 68 79 70 77 71 74 73 74 78 62 67 72 63 69 71 73 
63 67 76 77 79 63 79 69 75 76 75 68 70 73 78 72 64 72 62 80 63 65 72 69 66 62 69 65 77 69 77 75 76 79 62 64 63 65 71 74 
74 74 69 67 68 71 70 62 80 66 74 70 74 63 76 62 78 70 80 67 63 71 74 62 66 66 63 68 61 76 65 70 68 70 61 66 76 73 78 74 
64 63 72 80 61 63 64 62 61 73 64 76 73 70 71 70 64 79 77 80 80 67 67 74 77 64 77 73 74 75 73 72 73 77 76 80 66 65 70 63 
77 73 72 73 63 71 68 67 72 73 68 69 68 69 65 79 63 71 71 61 70 71 75 67 69 72 72 75 69 62 74 72 74 78 72 61 77 69 66 69 
74 72 62 80 74 70 61 73 74 78 66 66 72 73 65 74 73 68 70 68 73 63 72 61 78 74 61 66 73 77 79 75 77 75 75 75 73 64 66 69 
66 70 68 70 73 70 62 76 71 76 69 75 72 76 67 62 68 80 76 76 71 76 61 66 62 69 67 74 70 80 71 64 77 75 79 69 61 62 69 74 
71 79 65 69 78 69 70 74 62 80 71 73 66 67 66 77 68 63 64 70 75 66 61 74 69 78 74 71 65 76 78 70 78 78 65 64 67 80 61 71 
64 70 76 76 78 79 65 67 80 71 68 76 64 71 61 66 79 75 76 73 76 79 66 65 64 79 67 76 72 63 79 70 67 78 70 68 75 71 78 75 
73 66 63 66 65 66 75 72 80 74 73 70 76 65 75 62 78 61 78 70 74 77 80 67 61 63 71 78 78 79 64 80 63 78 69 66 74 65 78 68 
78 80 71 63 72 61 72 62 62 63 76 73 73 64 77 70 70 73 70 66 67 75 65 63 80 68 78 75 77 72 64 78 68 74 67 75 75 65 68 73 
66 77 62 61 72 73 66 71 66 74 66 76 63 76 68 69 72 71 61 64 74 78 70 79 69 73 67 74 61 80 68 73 80 80 74 72 74 80 67 80 
65 65 71 65 77 71 70 62 69 80 72 67 76 65 70 76 66 76 73 79 73 63 69 76 64 66 65 70 77 61 80 61 77 70 78 75 79 73 79 69 
67 76 72 79 74 69 75 70 79 70 66 76 73 71 67 65 80 75 70 70 66 72 77 73 65 66 71 73 61 79 76 69 75 65 77 79 67 62 72 61 
75 61 80 66 61 72 73 67 78 68 72 68 80 66 75 75 73 74 79 76 71 74 65 70 71 76 75 72 74 74 68 77 65 69 80 76 70 61 74 68 
61 75 74 70 77 64 71 77 63 71 65 61 72 66 74 76 78 69 78 67 76 74 63 66 80 74 65 79 71 74 75 79 76 77 80 69 68 71 65 71 
67 80 61 73 70 73 76 63 71 79 63 61 79 75 68 69 64 64 64 66 64 73 61 69 67 75 69 69 75 75 71 68 77 63 78 68 67 77 71 78 
68 71 70 69 65 73 69 61 72 62 78 71 63 66 64 68 70 63 72 78 67 70 67 64 69 65 64 75 62 79 74 74 64 65 68 63 80 69 77 77 
76 72 63 69 80 75 64 69 76 73 74 77 77 67 79 66 71 63 80 65 62 63 65 70 76 76 74 76 78 63 69 70 68 70 75 79 61 71 65 61 
80 62 79 75 77 80 70 78 66 79 69 69 71 68 76 67 69 65 74 70 69 63 76 67 71 63 73 64 73 74 69 63 76 74 62 64 72 69 73 61 
64 70 69 76 69 69 63 76 76 63 79 71 61 72 62 79 72 68 74 65 70 65 65 61 61 68 70 73 69 80 68 68 63 78 77 75 66 68 69 69 
76 63 76 65 74 79 62 73 71 63 73 66 72 74 68 68 73 62 74 74 78 70 77 69 73 69 61 73 72 71 67 79 63 79 78 75 65 73 65 61 
78 77 68 67 75 69 67 69 77 76 74 74 66 72 78 73 70 71 78 77 63 77 67 80 65 78 73 63 77 79 67 79 78 63 76 67 65 75 61 70 
72 70 79 70 72 80 69 63 69 64 72 61 75 76 75 79 72 77 73 69 68 62 75 76 79 63 69 75 71 75 70 78 71 69 75 75 68 67 74 62 
78 66 75 69 76 74 67 70 65 63 71 78 71 71 70 71 79 66 73 68 66 77 69 75 63 61 80 76 76 71 76 69 70 71 69 71 72 78 61 73 
65 71 80 61 76 62 68 78 61 68 77 76 80 68 77 68 75 65 63 66 62 63 70 76 70 77 67 68 79 63 74 73 73 70 79 75 72 71 76 74 
67 76 72 62 61 61 79 62 64 79 62 77 62 65 65 70 62 77 73 62 68 65 75 73 67 66 61 74 62 74 76 62 62 66 77 73 64 64 77 61 
76 78 68 69 77 68 74 71 79 76 67 78 64 69 68 72 70 63 69 68 68 71 80 66 74 67 68 73 79 61 74 74 78 66 74 68 69 67 80 71 
77 80 62 65 70 75 76 75 64 64 72 74 65 67 73 74 66 66 75 80 67 71 62 77 69 67 72 76 74 67 71 74 69 67 79 76 78 63 72 73 
74 78 77 77 63 72 74 64 62 79 70 73 71 76 63 71 62 64 68 79 70 71 75 70 64 64 74 68 77 73 79 74 76 80 77 68 75 79 74 78 
63 69 65 63 62 73 79 65 62 75 71 62 70 72 74 75 64 71 80 67 67 77 70 68 62 77 67 74 68 63 67 76 72 68 76 80 78 72 71 61 
76 69 65 61 73 70 76 79 75 78 77 80 61 73 68 74 68 61 74 61 80 70 67 61 66 75 68 64 74 77 73 63 66 63 74 70 68 76 62 80 
68 69 80 66 67 66 68 62 62 66 77 71 69 70 75 77 72 66 75 79 73 63 74 74 72 62 79 72 77 64 71 73 73 77 72 67 65 66 73 75 
79 65 72 67 78 78 70 74 79 79 78 73 71 74 62 68 78 72 68 73 67 72 66 80 77 72 63 79 76 61 69 74 73 78 74 69 68 73 72 75 
74 69 74 80 67 79 70 79 64 63 69 78 79 75 75 66 73 72 65 76 77 73 71 78 70 79 74 74 62 73 71 74 65 75 79 77 67 71 68 61 
67 72 71 79 61 72 66 66 63 67 75 75 80 62 79 73 68 65 77 71 73 70 79 73 72 62 71 75 74 78 68 69 76 61 64 73 75 80 71 75 
78 77 78 67 69 64 75 69 74 80 69 80 64 65 73 72 75 75 78 67 69 68 80 69 73 66 64 62 62 75 67 79 78 70 62 74 61 69 68 80 
67 72 78 67 61 73 64 71 77 73 68 71 77 63 73 68 77 62 63 78 75 80 77 70 76 62 65 78 79 74 75 70 76 69 67 69 71 61 75 80 
65 72 61 64 76 79 65 71 74 73 71 72 73 76 79 69 71 66 61 63 77 76 71 66 76 78 77 75 72 66 66 63 65 76 65 68 75 62 64 61 
74 76 76 66 73 74 72 66 67 61 63 68 63 63 63 63 68 70 79 78 66 65 66 66 73 70 66 73 61 75 76 75 71 69 70 72 80 72 75 66 
66 72 66 66 63 72 80 69 65 61 69 73 77 65 67 75 68 62 74 70 67 69 79 80 80 61 74 80 65 71 77 68 68 73 68 66 73 77 79 63 
63 69 64 80 64 67 63 78 73 72 67 65 75 80 68 76 67 64 65 73 75 72 80 61 78 64 63 64 78 73 70 79 72 78 74 65 79 73 65 75 
74 77 71 77 70 73 76 66 73 74 63 71 79 61 72 62 76 76 75 63 70 75 77 76 74 77 71 79 80 78 71 80 61 68 70 79 61 74 75 73 
75 73 80 61 63 63 61 63 63 80 61 63 79 76 80 80 62 74 63 72 62 68 72 64 78 75 75 66 66 68 77 62 73 71 69 73 64 74 69 72 
72 80 69 78 69 79 68 65 77 63 65 73 74 61 77 65 73 76 64 62 78 80 72 72 76 65 79 69 70 73 62 63 79 62 71 69 68 66 69 62 
71 76 67 71 76 67 75 67 63 71 62 80 75 71 63 71 63 72 68 70 61 67 68 63 72 76 72 65 74 63 73 78 65 66 64 70 73 78 72 64 
64 75 62 75 68 77 78 76 69 63 77 69 71 65 76 78 71 68 62 73 80 77 77 72 64 71 76 80 67 74 75 62 77 76 65 67 79 66 63 70 
79 61 67 65 63 62 77 69 66 74 80 63 64 66 66 77 64 71 63 63 76 62 70 70 70 67 73 77 67 75 71 80 65 77 64 70 73 62 69 66 
70 79 78 70 69 65 65 62 63 73 74 61 63 75 74 73 76 76 65 73 67 74 61 79 68 80 65 77 63 69 61 79 65 72 78 77 75 61 77 63 
68 76 75 80 79 75 78 68 69 68 70 61 64 62 61 78 69 62 63 64 72 79 62 80 64 68 64 66 68 65 70 74 78 64 70 73 65 62 65 75 
68 77 61 73 63 66 62 69 73 66 63 72 67 80 63 80 62 64 74 70 73 62 66 63 80 76 70 78 67 79 72 78 77 70 75 72 63 62 63 69 
69 71 66 72 65 71 69 75 65 72 69 78 64 74 80 80 75 78 65 67 80 63 79 80 76 68 68 80 72 78 62 68 70 70 79 78 64 70 71 63 
74 71 79 77 69 75 69 68 64 80 80 62 75 72 61 69 69 75 80 63 69 66 65 77 61 75 78 66 64 67 71 71 64 62 68 63 78 67 64 68 
68 76 80 70 62 64 65 66 70 67 73 65 70 73 77 73 75 65 67 78 61 62 76 65 63 61 64 80 63 64 77 69 79 63 72 65 68 64 62 71 
71 77 75 71 66 63 70 75 64 64 61 62 69 79 72 72 72 72 61 72 71 66 66 72 76 80 66 69 79 67 75 69 66 72 62 71 75 71 63 77 
74 74 77 70 61 66 79 73 73 67 61 76 75 69 66 69 62 65 61 61 74 62 77 73 72 65 80 64 61 72 71 65 65 79 75 64 78 62 65 71 
72 69 66 75 71 61 63 64 71 64 71 65 64 63 69 65 65 62 62 76 65 65 74 78 68 80 63 72 66 62 72 71 74 62 78 67 69 80 77 62 
71 71 78 80 76 71 71 78 69 79 79 67 63 67 65 67 68 66 68 77 68 62 63 61 61 64 61 74 65 67 76 70 79 63 80 65 63 79 78 70 
68 71 76 64 63 77 67 75 64 74 76 78 61 74 65 75 68 63 79 70 72 64 78 76 65 79 73 75 73 71 66 66 62 70 77 71 67 61 74 65 
65 66 70 79 73 73 63 74 66 66 78 64 61 76 64 77 61 65 66 80 66 76 67 61 66 74 72 79 67 68 79 69 77 68 65 64 80 79 79 75 
77 77 80 80 68 78 64 71 71 67 65 78 72 68 67 76 76 72 80 74 69 68 66 71 62 76 79 62 78 75 72 74 77 79 61 65 69 75 80 69 
67 66 70 65 65 75 63 67 64 75 74 72 79 66 63 69 72 64 65 65 62 76 71 73 80 62 71 77 71 73 77 72 75 73 71 68 66 61 61 70 
66 76 68 62 62 66 69 69 73 75 68 65 74 65 66 77 78 76 71 61 63 75 71 76 75 71 79 77 68 62 77 66 68 74 62 70 68 63 73 72 
71 76 70 73 79 69 74 75 73 63 70 70 78 72 66 75 74 66 70 68 73 68 74 77 77 62 69 73 71 78 63 69 68 76 64 62 74 68 61 68 
72 80 77 79 68 75 72 65 79 61 69 61 74 67 77 77 61 79 64 77 68 71 77 67 63 73 78 79 72 74 67 73 61 71 67 65 71 75 63 78 
63 79 75 65 68 71 80 77 76 75 75 71 69 62 80 78 72 74 72 68 80 68 73 75 79 66 75 63 69 68 79 71 76 64 71 80 63 62 72 62 
69 66 78 68 64 73 63 78 62 62 75 79 77 73 63 68 75 63 69 70 62 73 65 69 66 79 68 79 63 74 65 71 80 65 80 63 73 63 67 80 
76 77 77 64 73 78 68 71 73 75 70 74 75 61 62 72 68 80 61 64 73 66 75 70 79 74 67 72 75 76 69 71 61 63 79 72 77 79 71 68 
67 73 67 70 64 71 72 66 73 67 79 65 78 62 79 63 63 79 70 74 73 69 62 65 65 62 72 72 76 61 70 66 76 76 77 76 78 76 70 74 
70 66 62 62 61 75 67 68 64 75 78 73 67 62 80 70 80 77 64 66 63 70 66 75 73 75 64 64 62 75 62 70 63 78 65 74 71 75 63 70 
77 67 78 72 65 76 67 65 74 64 68 80 78 77 76 76 67 80 80 76 74 75 64 73 71 70 79 73 71 62 74 79 71 69 77 70 79 73 72 78 
68 75 73 76 77 61 69 79 75 71 67 75 73 66 68 79 79 79 64 63 80 72 68 73 76 71 78 73 69 71 79 70 71 66 71 74 76 66 80 73 
74 65 70 80 63 73 67 72 62 64 62 67 74 63 66 79 67 67 76 61 72 73 79 63 71 73 79 75 74 61 71 64 75 79 65 65 80 61 73 67 
61 67 80 67 77 66 79 65 71 79 80 67 61 67 62 80 79 68 64 80 77 80 75 77 68 66 80 77 76 65 63 63 72 75 64 61 76 61 67 65 
74 65 79 77 65 77 71 63 80 78 66 62 70 80 63 79 76 68 71 61 68 73 80 71 71 73 76 79 72 63 61 72 62 65 63 69 61 68 76 64 
77 77 77 77 77 77 77 77 77 77 77 77 77 77 77 77 77 77 77 77 77 77 77 77 77 77 77 77 77 77 77 77 77 77 77 77 77 77 77 77 
